import numpy as np

costos = np.array([[0,386,294,249,214,413,171,327,237,129],
                   [386,0,266,273,312,276,367,575,287,30],
                   [294,266,0,110,259,245,185,186,114,70],
                   [249,273,110,0,259,18,464,373,398,451],
                   [214,312,259,259,0,332,78,650,245,499],
                   [413,276,245,18,332,0,140,54,105,485],
                   [171,367,185,464,78,140,0,448,336,312],
                   [327,575,186,373,650,54,448,0,260,322],
                   [237,287,114,398,245,105,336,260,0,382],
                   [129,30,70,451,499,485,312,322,382,0]])


print(costos)
